epoch# 1  loss per batch:
1.35939
3.29071
0.712942
0.750273
0.755049
0.731914
0.694297
0.672863
0.672476
0.672081
0.650455
0.634971
0.627036
0.617748
0.605942
0.565524
0.523128
0.548035
0.493681
0.548141
0.425815
0.438596
0.454385
0.507296
0.405361
0.377875
0.376399
0.284558
0.422501
0.775849
0.293297
0.338449
0.349255
0.364984
0.316645
0.326292
0.299203
0.317006
0.288975
0.308513
0.347255
0.285203
0.223766
0.244073
0.208447
0.223367
0.286908
0.20182
0.252419
0.217861
0.246706
0.204244
0.216664
0.234225
0.203864
0.241817
0.16409
0.206754
0.224147
0.155416
0.174007
0.251824
0.192764
0.222258
0.18127
0.2201
0.170467
0.211896
0.164698
0.219611
0.282027
0.192577
0.145295
epoch# 2  loss per batch:
0.19552
0.145499
0.203279
0.212107
0.159284
0.215398
0.267585
0.167257
0.123836
0.182111
0.149351
0.134335
0.159942
0.184544
0.162582
0.242465
0.110943
0.186235
0.263406
0.196469
0.154453
0.141098
0.148128
0.184125
0.165803
0.132836
0.142681
0.173589
0.127709
0.148655
0.143641
0.175051
0.211444
0.117229
0.162877
0.147242
0.226562
0.164963
0.210294
0.13555
0.10213
0.193221
0.136404
0.232193
0.12378
0.110578
0.148604
0.240595
0.15801
0.225058
0.162579
0.135625
0.132051
0.175639
0.163847
0.206293
0.254448
0.160492
0.125261
0.178214
0.183429
0.13689
0.159435
0.174619
0.110922
0.212483
0.124127
0.15167
0.170343
0.1229
0.178487
0.135715
0.069146
epoch# 3  loss per batch:
0.186939
0.198763
0.124355
0.213653
0.157592
0.1735
0.159785
0.119199
0.118177
0.160548
0.147593
0.148097
0.144655
0.133923
0.22213
0.136698
0.177221
0.180157
0.216398
0.197512
0.175641
0.202454
0.104225
0.136605
0.164668
0.153079
0.126512
0.133505
0.123292
0.186394
0.105211
0.110131
0.160045
0.119385
0.128125
0.105483
0.160076
0.0789197
0.106394
0.157177
0.225384
0.146135
0.113493
0.200592
0.123604
0.14541
0.169216
0.208576
0.168842
0.113711
0.2462
0.148349
0.162409
0.208958
0.2315
0.160446
0.171856
0.133812
0.104529
0.175389
0.120381
0.149689
0.117311
0.114151
0.121502
0.163759
0.165742
0.112814
0.196565
0.134368
0.124348
0.207889
0.156526
epoch# 4  loss per batch:
0.227851
0.135254
0.144218
0.10654
0.139302
0.114483
0.183361
0.176375
0.144807
0.190849
0.175056
0.120787
0.160098
0.155498
0.145945
0.145814
0.188592
0.15285
0.141311
0.142413
0.107168
0.214207
0.107409
0.180742
0.184062
0.176636
0.123269
0.142356
0.141482
0.162342
0.12972
0.0868255
0.205621
0.106035
0.0993079
0.116509
0.10671
0.0981819
0.0953194
0.107897
0.190114
0.133847
0.0962191
0.0861074
0.117238
0.118292
0.163879
0.101506
0.0875973
0.125814
0.126676
0.0941209
0.147179
0.18311
0.131713
0.132535
0.138092
0.122434
0.137024
0.136901
0.140888
0.167592
0.117736
0.111086
0.0936486
0.10536
0.076713
0.12174
0.126244
0.0936291
0.0974488
0.0778182
0.149935
epoch# 5  loss per batch:
0.14359
0.214589
0.117381
0.147581
0.116972
0.116584
0.0894938
0.0715514
0.120154
0.0913186
0.113414
0.122576
0.104342
0.0672398
0.0903287
0.145666
0.0846058
0.104436
0.0788124
0.1113
0.170669
0.152644
0.122114
0.10188
0.0650946
0.123088
0.0976498
0.135011
0.160771
0.103878
0.142088
0.0686491
0.1559
0.145071
0.125518
0.139383
0.128182
0.119544
0.160481
0.0864693
0.146552
0.0943108
0.0988653
0.149275
0.123019
0.0565995
0.118279
0.121713
0.14277
0.138479
0.149455
0.0885214
0.0970594
0.0910804
0.0759055
0.0990946
0.101322
0.114141
0.0872063
0.116915
0.121799
0.0842661
0.096309
0.141828
0.103266
0.0871708
0.117898
0.198075
0.109694
0.112733
0.0975028
0.0818395
0.0895833
epoch# 6  loss per batch:
0.0974045
0.12756
0.161146
0.110583
0.103426
0.0916098
0.0775466
0.119144
0.0643204
0.0938693
0.0944028
0.0746615
0.115216
0.119462
0.115799
0.126739
0.138605
0.075413
0.082601
0.091111
0.105826
0.112266
0.110966
0.0903155
0.0826879
0.104367
0.078641
0.0438452
0.103474
0.102403
0.147222
0.151256
0.137465
0.126401
0.138565
0.130338
0.082798
0.101565
0.116407
0.113562
0.104806
0.0761796
0.10184
0.0966363
0.114234
0.0845347
0.127507
0.124397
0.0624827
0.0659172
0.0646849
0.065272
0.104148
0.0709847
0.0790271
0.113674
0.114781
0.0874244
0.10293
0.13545
0.212012
0.167279
0.0622574
0.153243
0.134998
0.135195
0.110652
0.105283
0.0666074
0.144998
0.112718
0.097927
0.0736569
epoch# 7  loss per batch:
0.125567
0.128715
0.104305
0.0454815
0.064978
0.0944108
0.117562
0.0986269
0.0667068
0.110442
0.130655
0.127897
0.0779387
0.0952114
0.0865812
0.108196
0.0830827
0.0736026
0.109179
0.102509
0.132113
0.10034
0.106399
0.0798321
0.0691156
0.0521406
0.11537
0.176051
0.0915428
0.0821007
0.0700757
0.0828155
0.0850578
0.066831
0.0860516
0.065793
0.0923847
0.114069
0.113139
0.07415
0.0961583
0.117389
0.086249
0.0448665
0.0753471
0.0702674
0.081758
0.115779
0.0738517
0.076622
0.044686
0.0882354
0.125488
0.0702088
0.162468
0.108015
0.0934128
0.167299
0.128707
0.15207
0.110691
0.125349
0.0794225
0.0851516
0.101722
0.0978633
0.0946512
0.0899102
0.102274
0.128929
0.128768
0.099314
0.083553
epoch# 8  loss per batch:
0.0530988
0.0806704
0.0904208
0.142367
0.0733751
0.0858855
0.0915519
0.0918554
0.136521
0.098366
0.0932953
0.0717295
0.0899982
0.121483
0.0719876
0.0683172
0.0767782
0.0636509
0.0637381
0.0757611
0.0690674
0.0435243
0.117373
0.0845807
0.0717966
0.0781966
0.0594468
0.0718355
0.0834849
0.112624
0.0689034
0.104049
0.058
0.0441695
0.0935479
0.056968
0.148422
0.182592
0.110627
0.115917
0.0801504
0.0888488
0.0935865
0.0686263
0.0872724
0.0446544
0.0885081
0.0678489
0.0646006
0.0880286
0.107429
0.102262
0.0589872
0.0639905
0.0903112
0.0935688
0.0855239
0.124458
0.135365
0.0620858
0.0885945
0.108946
0.0960497
0.138945
0.136685
0.150802
0.106807
0.146215
0.0879279
0.11653
0.105376
0.111433
0.194633
epoch# 9  loss per batch:
0.0592745
0.0994389
0.0595155
0.0802857
0.104977
0.0805377
0.122663
0.105135
0.0774014
0.112454
0.108511
0.0924758
0.0744164
0.0643989
0.115437
0.0706615
0.0851149
0.0896833
0.0783256
0.0680345
0.0712078
0.066773
0.111174
0.104822
0.0821124
0.0539426
0.0625333
0.112541
0.115978
0.0917236
0.0621074
0.067871
0.0813558
0.106684
0.075923
0.0939742
0.119
0.077229
0.0739468
0.0738379
0.0729138
0.117248
0.105335
0.094078
0.0647074
0.0546061
0.0914032
0.0652021
0.0675457
0.0754266
0.0987482
0.118811
0.124591
0.0666943
0.0675395
0.0789052
0.10535
0.0701713
0.139895
0.0829426
0.107825
0.0536747
0.0681753
0.161769
0.116684
0.0914513
0.111776
0.135179
0.0901082
0.0897405
0.0962869
0.104694
0.0523746
epoch# 10  loss per batch:
0.114573
0.0867087
0.0622333
0.0610726
0.0813159
0.0923059
0.0666185
0.0743789
0.0498897
0.0777246
0.0546189
0.049471
0.161045
0.0772191
0.0572074
0.074475
0.0784079
0.0679141
0.057171
0.101779
0.129567
0.0511636
0.102395
0.0797767
0.135701
0.0710372
0.0480786
0.0941705
0.0955174
0.0964955
0.0890491
0.0785852
0.0949151
0.0459699
0.105689
0.0565817
0.0863064
0.104834
0.0687679
0.0698691
0.13038
0.0833544
0.0896995
0.101981
0.107424
0.0897406
0.0878931
0.0546704
0.0488185
0.124403
0.0751488
0.108259
0.0613162
0.169503
0.0971782
0.0699135
0.090935
0.107379
0.057858
0.0851633
0.0618263
0.0519033
0.123213
0.138347
0.0375267
0.0451558
0.0989619
0.0627093
0.0567394
0.0749794
0.0517585
0.0922538
0.0984851
epoch# 11  loss per batch:
0.0556279
0.0462301
0.0467628
0.0592317
0.0812042
0.0539111
0.0530005
0.0566881
0.0770587
0.041347
0.06601
0.0663026
0.0653191
0.0713479
0.0881217
0.0524408
0.0414937
0.0903162
0.030052
0.101926
0.0724824
0.0768458
0.0459406
0.0687871
0.0467354
0.0749075
0.341248
0.0654508
0.127779
0.167617
0.156559
0.132595
0.104676
0.246319
0.173013
0.145953
0.149331
0.124149
0.249517
0.179974
0.113702
0.117392
0.143581
0.189512
0.16927
0.142768
0.154248
0.139925
0.19593
0.262449
0.0988346
0.116172
0.150372
0.121631
0.114623
0.123022
0.137356
0.122509
0.0684359
0.0735763
0.117375
0.0717777
0.0680665
0.0713514
0.159511
0.0867051
0.0797156
0.135552
0.156486
0.151814
0.0988558
0.0974882
0.14079
epoch# 12  loss per batch:
0.139123
0.191754
0.0798154
0.0962763
0.0971544
0.112709
0.104257
0.0871733
0.073742
0.0872389
0.111195
0.0711579
0.105264
0.106419
0.0698225
0.088429
0.0505914
0.0511759
0.0766493
0.102481
0.133328
0.11363
0.131264
0.129386
0.0761218
0.0746011
0.0840348
0.0868433
0.0880103
0.113681
0.0727229
0.0879162
0.125807
0.0912957
0.0831716
0.098906
0.101052
0.0545539
0.0845707
0.0941719
0.0698393
0.0806059
0.0746988
0.070159
0.105329
0.0845245
0.105049
0.087322
0.0851228
0.115408
0.0665237
0.0932164
0.0680438
0.0722121
0.0723768
0.0915091
0.0744827
0.143066
0.0552113
0.0814191
0.0926305
0.0753324
0.0759061
0.0983946
0.0745178
0.116566
0.0830343
0.0937719
0.0821552
0.0613555
0.0717537
0.0885875
0.0587895
epoch# 13  loss per batch:
0.0618488
0.039118
0.0577304
0.0526321
0.0598137
0.102867
0.0577184
0.113729
0.0986987
0.0873232
0.0865567
0.0865945
0.0642606
0.0904983
0.0853356
0.0908642
0.0595715
0.0800567
0.0466317
0.0524631
0.129144
0.0552384
0.0814921
0.0592522
0.0560816
0.076298
0.032337
0.0751059
0.107309
0.128509
0.0606102
0.0749435
0.0643162
0.0545244
0.0675579
0.0638063
0.0705366
0.0714516
0.0603487
0.149439
0.0858913
0.059725
0.0489116
0.118671
0.0660222
0.0563019
0.0759756
0.0728659
0.0681598
0.047752
0.0667072
0.0520839
0.0910862
0.0855109
0.0877506
0.0614886
0.090683
0.0749914
0.057495
0.0973879
0.0604741
0.0725549
0.0565833
0.0585719
0.0702608
0.0728811
0.07072
0.0551574
0.0503298
0.0511987
0.141294
0.0504214
0.0509214
epoch# 14  loss per batch:
0.0738911
0.0562712
0.056595
0.0731886
0.0641033
0.040344
0.0658323
0.0515098
0.0425818
0.0810357
0.09543
0.0941121
0.128086
0.0538794
0.0614275
0.064224
0.0414889
0.101139
0.0499105
0.100243
0.0700867
0.0711347
0.0545967
0.0400772
0.0823194
0.0767054
0.0693533
0.0510418
0.0557885
0.104579
0.0883173
0.0883299
0.0613558
0.0602206
0.072947
0.0553242
0.0723083
0.0486143
0.0277544
0.0484474
0.0346424
0.0555097
0.0577948
0.108182
0.0695984
0.14989
0.0841222
0.0779095
0.0694736
0.0590384
0.0843379
0.0854874
0.0873126
0.114155
0.0383742
0.0472313
0.0786017
0.0355523
0.0681122
0.153282
0.0635008
0.0703742
0.075688
0.115266
0.0810442
0.0433311
0.0874067
0.0955357
0.0817227
0.0826905
0.060361
0.0582367
0.0775865
epoch# 15  loss per batch:
0.0583702
0.0865439
0.0698203
0.0771843
0.0570803
0.0542088
0.0672588
0.0488287
0.0510804
0.0839428
0.126235
0.0393822
0.0864893
0.0750209
0.0390847
0.0818598
0.0635986
0.072594
0.0998926
0.0332837
0.123439
0.0622995
0.0742763
0.0460493
0.0546556
0.0701284
0.0560534
0.0321925
0.0919093
0.0744407
0.0553887
0.0592669
0.0771198
0.0646865
0.0373004
0.0677661
0.0692246
0.0490558
0.0543146
0.0624865
0.068802
0.0551223
0.0487352
0.0470466
0.07717
0.0668565
0.0471653
0.0632211
0.0464192
0.0332817
0.0726942
0.0842749
0.059473
0.0532464
0.0344505
0.0429122
0.0445184
0.0548119
0.0498537
0.111621
0.075721
0.0662035
0.0661811
0.0510027
0.0408141
0.0661553
0.0597352
0.0517899
0.0719863
0.0416071
0.0577153
0.0457028
0.19689
epoch# 16  loss per batch:
0.0547135
0.0796521
0.0715507
0.130236
0.0715604
0.0486422
0.0296472
0.0517512
0.0515469
0.0589395
0.0793299
0.465643
0.0537978
0.0507403
0.104331
0.111651
0.175456
0.112087
0.0840056
0.0870871
0.0747864
0.0976333
0.139873
0.0893103
0.109863
0.102414
0.0675741
0.103153
0.126081
0.116459
0.0880878
0.0962399
0.150988
0.214343
0.138135
0.107169
0.180412
0.158316
0.121781
0.15305
0.188173
0.271279
0.105929
0.148078
0.126039
0.18829
0.0937069
0.135134
0.0990769
0.105314
0.108378
0.0947403
0.0838667
0.0839653
0.0921619
0.109997
0.14196
0.11765
0.113497
0.156585
0.12571
0.114742
0.0989015
0.125991
0.124583
0.0482681
0.0859058
0.0835134
0.0859362
0.0579569
0.0796488
0.0667632
0.0561741
epoch# 17  loss per batch:
0.124016
0.0690164
0.0663595
0.0875193
0.0382559
0.0457493
0.0792941
0.0649495
0.0849021
0.0790528
0.0631128
0.0627545
0.0561633
0.037886
0.0498588
0.0580438
0.0888508
0.0534248
0.0461303
0.0649244
0.0937656
0.0592068
0.0986283
0.0766012
0.115957
0.0649261
0.0492976
0.0515525
0.125115
0.0903611
0.0764606
0.0657211
0.0770315
0.0938512
0.0774592
0.058548
0.0721674
0.0645199
0.085872
0.0705212
0.081915
0.0998487
0.0820638
0.067525
0.0555487
0.0586295
0.0643939
0.0542392
0.0986702
0.0683543
0.0704865
0.0656973
0.0477269
0.0763803
0.0570472
0.0812613
0.097185
0.0480697
0.0876794
0.089919
0.0735501
0.0651634
0.0848895
0.073697
0.119741
0.0725343
0.0799512
0.0794629
0.0455537
0.071533
0.0525952
0.0529672
0.0286432
epoch# 18  loss per batch:
0.108615
0.0750805
0.0748074
0.0820567
0.0645707
0.049735
0.0503789
0.0652324
0.0497466
0.0655846
0.0793193
0.0528387
0.0281621
0.0726542
0.0544591
0.0939484
0.0727371
0.0500551
0.0917328
0.0569093
0.0766501
0.087876
0.0570052
0.0543489
0.0514182
0.0623104
0.0470172
0.0718809
0.0994786
0.0586284
0.0374513
0.054728
0.0555347
0.0603475
0.0665575
0.0454915
0.0664305
0.0504743
0.0499232
0.0523668
0.0312187
0.0747926
0.0552452
0.0515401
0.0506472
0.0655208
0.0795071
0.0470217
0.052933
0.0488495
0.0562622
0.0717448
0.087577
0.0387734
0.108455
0.0653588
0.0378353
0.0445802
0.0473627
0.0677577
0.0592725
0.0448927
0.0442836
0.0654534
0.0839412
0.118097
0.0364285
0.0598903
0.0249605
0.047189
0.0539675
0.064985
0.0439413
epoch# 19  loss per batch:
0.0602971
0.0655014
0.060181
0.0742881
0.0496548
0.0686545
0.0485313
0.03684
0.0501846
0.0517138
0.0503813
0.0388052
0.0255746
0.0430112
0.0758687
0.0507645
0.0441769
0.054191
0.127046
0.0803865
0.0775801
0.0356645
0.0614736
0.0454356
0.0626405
0.0431556
0.0517715
0.0445283
0.042214
0.0630581
0.0512014
0.0627962
0.0358037
0.0495214
0.0768835
0.0668438
0.0795774
0.0587793
0.0486341
0.062951
0.0650284
0.0297868
0.0487297
0.075556
0.0767833
0.0791397
0.0517224
0.0615393
0.0492846
0.0561357
0.0453085
0.0500042
0.050003
0.0535804
0.0558785
0.0859244
0.0779356
0.0746402
0.0476557
0.0459197
0.0397565
0.0510014
0.060571
0.130505
0.0429569
0.106548
0.0637291
0.0336947
0.0688434
0.0910515
0.0384516
0.038734
0.0787446
epoch# 20  loss per batch:
0.0648158
0.0643034
0.0429182
0.0704017
0.0502394
0.0243297
0.0651233
0.104604
0.0421101
0.0312965
0.0617189
0.0584992
0.0708168
0.0570814
0.064723
0.0294515
0.0956894
0.0719536
0.0633352
0.069743
0.096004
0.0468847
0.103334
0.0391005
0.0430974
0.0567499
0.0649116
0.0620978
0.0521553
0.0549771
0.0698552
0.0533671
0.0985905
0.0515059
0.0610945
0.0312715
0.0538128
0.0383723
0.0656245
0.0473621
0.0558561
0.0495896
0.0549574
0.0539697
0.0430034
0.0683552
0.0571281
0.0383806
0.0563762
0.0577185
0.0696886
0.0547699
0.0609724
0.040784
0.0259212
0.0866296
0.0825049
0.0333061
0.0382016
0.135637
0.0658318
0.111335
0.0786452
0.0750093
0.0489206
0.0723814
0.0361512
0.0781851
0.0939032
0.0544067
0.034954
0.0415661
0.0576638
epoch# 21  loss per batch:
0.0380616
0.0698535
0.0768935
0.047427
0.0506814
0.0292518
0.0421335
0.0488636
0.0650892
0.0581502
0.0365112
0.0362798
0.0572023
0.039992
0.0444021
0.033613
0.106071
0.0405783
0.0658372
0.04487
0.0455193
0.0633486
0.047429
0.0618835
0.0584143
0.0505987
0.0433548
0.101319
0.0278103
0.0514004
0.0413579
0.0597962
0.0637999
0.0443218
0.0844271
0.052642
0.0540808
0.0479693
0.0649247
0.0561034
0.0544928
0.0593733
0.0540231
0.0575142
0.0371734
0.0461886
0.0710813
0.0534643
0.0561968
0.0798857
0.0669788
0.0483187
0.0518366
0.03952
0.0434003
0.0587744
0.0330776
0.0677719
0.039483
0.0680438
0.0602444
0.0355416
0.0633702
0.0330212
0.070805
0.0581021
0.0486494
0.0404882
0.0425568
0.0929707
0.0414488
0.0559086
0.0519005
epoch# 22  loss per batch:
0.0399309
0.0321613
0.039373
0.0468343
0.0392541
0.0440279
0.0347914
0.0319577
0.0331191
0.0334165
0.0325968
0.0613087
0.0361335
0.0587764
0.049713
0.0387492
0.0295343
0.0347199
0.0459136
0.0354128
0.0427537
0.0577566
0.0431155
0.0394982
0.0819089
0.0601442
0.0471632
0.0445976
0.0557032
0.0431554
0.0712103
0.062821
0.0346834
0.0356652
0.0803526
0.10633
0.0515586
0.0598119
0.0491996
0.0346027
0.0421355
0.0475303
0.0372099
0.0535675
0.0641963
0.0469297
0.0416232
0.0382867
0.0983501
0.0350937
0.0584132
0.0602461
0.0415418
0.0465715
0.0650334
0.0660502
0.038767
0.0582534
0.0430934
0.0479852
0.0407553
0.0615954
0.0384734
0.0450366
0.041888
0.0382435
0.0475956
0.057424
0.0647248
0.107404
0.0319435
0.0438315
0.0616327
epoch# 23  loss per batch:
0.0661595
0.0621338
0.0611264
0.0550382
0.0496907
0.0684195
0.0394696
0.0595742
0.0462741
0.0546706
0.057141
0.0714113
0.0470539
0.0545377
0.0431079
0.038302
0.0501517
0.0391023
0.0553378
0.0344154
0.0846643
0.0421194
0.0411505
0.0775466
0.0215302
0.059387
0.0456921
0.0355402
0.0382879
0.0547446
0.0302203
0.0439909
0.046081
0.0850548
0.0213057
0.0508023
0.0600392
0.0420383
0.045362
0.0385631
0.0755007
0.0495569
0.0491641
0.0359669
0.0441286
0.0479643
0.060407
0.0367154
0.0358577
0.0489081
0.0460399
0.0431446
0.0262906
0.042604
0.073082
0.0226071
0.115811
0.0469221
0.0403036
0.0658419
0.0594091
0.0338718
0.0302728
0.0382845
0.0413152
0.0893578
0.0465731
0.0583689
0.04224
0.0305321
0.0476902
0.0339777
0.0151569
epoch# 24  loss per batch:
0.0314057
0.0550091
0.0385688
0.0572926
0.0757144
0.0398764
0.0386097
0.0650084
0.0755818
0.0570705
0.0783355
0.0361034
0.0276497
0.0460518
0.0321371
0.0413647
0.0397185
0.0520324
0.0543781
0.0467873
0.0355605
0.0459947
0.0320733
0.0634346
0.0568969
0.0543916
0.0598707
0.0380299
0.032945
0.0320479
0.0833592
0.0237579
0.0463547
0.0440872
0.0524956
0.0575773
0.0586223
0.0381452
0.0389154
0.0371663
0.0371004
0.0269085
0.0421426
0.048346
0.0327112
0.0557773
0.0498677
0.0345977
0.0464997
0.042675
0.0603507
0.0429318
0.0315128
0.0383847
0.0389371
0.0365924
0.0427143
0.0446485
0.0321304
0.0335434
0.0667471
0.0402448
0.0291154
0.0458879
0.0455457
0.0431492
0.0595866
0.0474386
0.0322165
0.0299805
0.0413857
0.0442209
0.0831537
epoch# 25  loss per batch:
0.0747928
0.0303933
0.0292149
0.101937
0.0388613
0.0357768
0.0428577
0.0597731
0.0689639
0.0450226
0.0714559
0.0654417
0.0295529
0.0474987
0.0384285
0.0644887
0.0522272
0.0422605
0.0477094
0.045055
0.0469657
0.026029
0.0385252
0.0365057
0.0445956
0.0458253
0.0219694
0.0740643
0.0332049
0.0506081
0.0396024
0.0328114
0.0387215
0.0416154
0.0614389
0.0678148
0.0279425
0.0354639
0.0507691
0.0287687
0.0364443
0.0317732
0.0404881
0.0551058
0.0452614
0.0420236
0.0394775
0.0314302
0.0221969
0.0384334
0.0524113
0.0441298
0.0518706
0.0385746
0.0253369
0.0377155
0.0478026
0.0304203
0.0625796
0.0608054
0.0591087
0.0341891
0.0241834
0.0481641
0.029176
0.0445803
0.0297553
0.0337795
0.0458615
0.0332895
0.0498253
0.0417567
0.0268981
epoch# 26  loss per batch:
0.0654636
0.044628
0.0397781
0.0560416
0.0313093
0.0996835
0.0498049
0.247273
0.0878603
0.0612593
0.0709764
0.132315
0.112905
0.058623
0.0667377
0.0536402
0.0563264
0.111079
0.0691931
0.142741
0.095888
0.0958658
0.104637
0.146407
0.0825987
0.0637561
0.0742171
0.0740976
0.0789237
0.0821529
0.0328752
0.0327437
0.0841206
0.063831
0.100835
0.0500843
0.0858829
0.0797129
0.0621982
0.17469
0.0577887
0.0843816
0.0813256
0.0782368
0.105887
0.0476517
0.0788348
0.0643525
0.0684175
0.0435677
0.0515919
0.0542065
0.0559974
0.0767204
0.0592581
0.0808853
0.0430513
0.047206
0.063127
0.0570345
0.0654722
0.0340871
0.0697474
0.0880913
0.0801693
0.0474233
0.0504533
0.0564844
0.0360442
0.0557918
0.0591405
0.0386257
0.0159032
epoch# 27  loss per batch:
0.0630765
0.0491145
0.0435703
0.0465774
0.0649683
0.0466832
0.0452927
0.0660563
0.0611506
0.0399691
0.0626665
0.0357458
0.084366
0.0488276
0.0718148
0.0345522
0.066669
0.05393
0.0269117
0.0422282
0.0470542
0.0418566
0.0389709
0.031157
0.058982
0.0661906
0.065153
0.0495946
0.0493742
0.066492
0.0513881
0.0300208
0.0863613
0.0668957
0.0569845
0.0441826
0.0429551
0.0605805
0.0530443
0.0303791
0.0509831
0.0447731
0.0248879
0.0369339
0.0637504
0.0384798
0.0376011
0.0794847
0.0410894
0.0468985
0.0367928
0.0397775
0.0474356
0.0497098
0.0512657
0.045249
0.0294998
0.0447193
0.0547867
0.0653652
0.0815217
0.0404004
0.0510244
0.0703572
0.041674
0.0463924
0.0664983
0.0545949
0.0355069
0.0448502
0.0594032
0.047383
0.012935
epoch# 28  loss per batch:
0.0617838
0.0272346
0.0344657
0.0334662
0.0460694
0.0450388
0.0436079
0.0275249
0.0368215
0.0689106
0.0349154
0.0339288
0.0751371
0.029179
0.0358775
0.0439209
0.0476109
0.047139
0.0349581
0.0393086
0.023797
0.0455388
0.0433955
0.0364306
0.0210788
0.0715777
0.0397511
0.0758244
0.0511298
0.0447673
0.0415635
0.0387173
0.0357803
0.0382076
0.0323328
0.0379004
0.0340766
0.0433359
0.044186
0.0483412
0.0517921
0.0277204
0.0473016
0.0282458
0.0250958
0.0388549
0.0311468
0.0543481
0.0363536
0.0361521
0.0535298
0.0244341
0.0360346
0.0571333
0.0438462
0.0438035
0.0405945
0.0452066
0.031173
0.0371542
0.0301122
0.0182291
0.0748522
0.042016
0.0419238
0.0440359
0.0764464
0.0405779
0.0312578
0.0380575
0.0566408
0.0349311
0.0394406
epoch# 29  loss per batch:
0.0538814
0.0340508
0.0298892
0.0412035
0.0329422
0.0413025
0.0460941
0.0378958
0.0387247
0.0462778
0.0211254
0.0309356
0.0557208
0.0342651
0.0582243
0.0454984
0.0409434
0.0428378
0.0314191
0.0497643
0.0390765
0.041952
0.0377905
0.0304756
0.0367493
0.0378203
0.0437683
0.0345614
0.0422278
0.0337235
0.0302386
0.0231719
0.0321674
0.0376678
0.0462658
0.0546176
0.040177
0.0271512
0.0361587
0.0366825
0.0409338
0.0449021
0.0412933
0.0552204
0.0871633
0.04441
0.0623664
0.0442627
0.0278422
0.0672127
0.048656
0.0333549
0.0489949
0.0254037
0.0193741
0.0408668
0.0249972
0.0657284
0.0239477
0.044856
0.0259715
0.040411
0.0371412
0.0361194
0.0585257
0.034177
0.0497906
0.0420113
0.0370387
0.0297153
0.0412152
0.0419283
0.0502531
epoch# 30  loss per batch:
0.0285636
0.0298948
0.0369875
0.0447322
0.0372572
0.0380509
0.0528343
0.0529461
0.0296555
0.0270429
0.0556119
0.0412117
0.0226474
0.03211
0.0345863
0.0310238
0.025827
0.0435521
0.06969
0.0419899
0.063542
0.0335377
0.0367261
0.0297556
0.030677
0.0369409
0.0243662
0.0455268
0.0499841
0.0508939
0.0197929
0.0517008
0.0303942
0.0308293
0.0256715
0.0316251
0.0320554
0.0383816
0.0295558
0.0318915
0.0405798
0.0408363
0.0439402
0.0235441
0.0377731
0.0340962
0.0200704
0.0206514
0.0377282
0.0209476
0.0603743
0.0367797
0.0178486
0.0432413
0.0587401
0.037102
0.0508396
0.0384348
0.0374173
0.0380004
0.0417941
0.0302223
0.0454035
0.0342087
0.0412877
0.0311926
0.0244232
0.0640111
0.0391161
0.0495788
0.0209767
0.0418071
0.024962
epoch# 31  loss per batch:
0.0500888
0.026521
0.0396293
0.0310318
0.0259227
0.0141901
0.0488886
0.0320944
0.0238211
0.0418742
0.0313669
0.0284934
0.0287849
0.0333742
0.0397647
0.0709256
0.0384228
0.0517634
0.05318
0.0199068
0.0575407
0.0285042
0.0249319
0.0379789
0.0268571
0.0367701
0.0284328
0.074825
0.0392359
0.0345764
0.0492067
0.0255832
0.035258
0.0376109
0.0345315
0.0257845
0.0402441
0.0429769
0.026257
0.0286749
0.0350889
0.0353538
0.0246701
0.0300017
0.0251246
0.0251475
0.0427683
0.0344021
0.0483684
0.0326216
0.0448718
0.0277874
0.0442757
0.0194525
0.0447203
0.0192375
0.0416097
0.0397005
0.0285649
0.0218452
0.0333354
0.0424954
0.0333101
0.0382147
0.031644
0.0379263
0.0530032
0.033028
0.0257883
0.0406396
0.0197511
0.0304538
0.013446
epoch# 32  loss per batch:
0.0340219
0.048373
0.0324392
0.0385766
0.0223881
0.0460028
0.0307184
0.0247725
0.027953
0.0518071
0.0265079
0.0293619
0.0503544
0.0243042
0.0406608
0.0443954
0.0416575
0.0356722
0.0267275
0.0338172
0.036806
0.0258106
0.0253956
0.0265888
0.0176934
0.027168
0.0306102
0.0310096
0.0609702
0.0272424
0.0322922
0.0316257
0.0288115
0.0469867
0.0312529
0.027074
0.0466164
0.0235153
0.032909
0.0386448
0.045548
0.0301196
0.025775
0.0219339
0.0394349
0.0285626
0.0189844
0.0248552
0.0380279
0.0228141
0.0252521
0.0273216
0.0398694
0.0242418
0.0415349
0.0248995
0.0276499
0.0180832
0.0207343
0.0317426
0.031058
0.0465067
0.0298472
0.0389355
0.0389048
0.0269697
0.0205961
0.0288
0.0248344
0.0362314
0.0336108
0.0314527
0.0105173
epoch# 33  loss per batch:
0.0309109
0.0345745
0.0397088
0.0311049
0.0250555
0.0241974
0.0290253
0.0341004
0.0216568
0.0286531
0.0352159
0.036451
0.0337466
0.0343241
0.0475461
0.0304823
0.0244604
0.0265818
0.0259672
0.0208289
0.0201186
0.028244
0.0326372
0.0451447
0.0331884
0.0458845
0.0265802
0.0382909
0.0274606
0.0233797
0.0345483
0.0390639
0.0250194
0.0374956
0.0298124
0.0357763
0.0315572
0.0399448
0.0257799
0.0210768
0.0430131
0.0203432
0.0483655
0.0344515
0.0421377
0.0217307
0.0344321
0.0547238
0.0378759
0.0578904
0.0370223
0.0581018
0.0198974
0.0412714
0.0355949
0.0470762
0.0345972
0.0393462
0.0661151
0.145637
0.058963
0.0617764
0.0809043
0.0752288
0.0737992
0.050736
0.0814087
0.0590688
0.0777837
0.0759267
0.0473722
0.0655827
0.0833667
epoch# 34  loss per batch:
0.0551596
0.0838027
0.0638296
0.0609918
0.483634
0.0785137
0.244148
0.210055
0.146602
0.127839
0.182336
0.154573
0.143461
0.159505
0.0893082
0.140617
0.156706
0.116165
0.137925
0.186455
0.127349
0.131605
0.216502
0.111496
0.144619
0.070306
0.132314
0.0935234
0.176167
0.10088
0.113703
0.108976
0.074316
0.166163
0.126025
0.10285
0.0879105
0.121177
0.0965684
0.148513
0.149225
0.0927072
0.0842836
0.105971
0.0663875
0.104661
0.100983
0.165369
0.129919
0.0687532
0.114011
0.0922214
0.143259
0.120833
0.11994
0.0465484
0.0637663
0.048039
0.122556
0.107589
0.0669486
0.115883
0.0950124
0.0887806
0.0808992
0.104232
0.0640975
0.134226
0.0971951
0.0676078
0.0812095
0.0748217
0.0854825
epoch# 35  loss per batch:
0.0535074
0.0926623
0.0492325
0.059739
0.0931548
0.0725102
0.0420039
0.0742529
0.0831654
0.0960428
0.056662
0.0627593
0.0628252
0.0552452
0.0424382
0.0400759
0.106784
0.0741657
0.0613709
0.0655219
0.0572894
0.0708783
0.0366854
0.0395638
0.0658956
0.0948505
0.0592173
0.0617251
0.0987566
0.0611785
0.0613652
0.0571125
0.0441286
0.0460824
0.0588053
0.0558142
0.0375452
0.0362556
0.0610805
0.0533331
0.237741
0.0630341
0.0451158
0.0973992
0.0903084
0.0702153
0.0947461
0.0837872
0.0591374
0.0630693
0.0631665
0.0686927
0.0905313
0.053024
0.176752
0.0752657
0.0896868
0.120294
0.0715221
0.0608724
0.0601444
0.0622922
0.0705619
0.15881
0.172134
0.0872581
0.0933731
0.127756
0.166336
0.134287
0.120966
0.0828033
0.0492088
epoch# 36  loss per batch:
0.141423
0.0714672
0.0624555
0.0714006
0.0774148
0.147698
0.0988539
0.0771199
0.0943023
0.106505
0.0831889
0.11878
0.0873743
0.105518
0.123112
0.125803
0.0708405
0.0658918
0.0641203
0.0577369
0.141547
0.127638
0.0727643
0.058452
0.102351
0.108023
0.0625947
0.0532537
0.0682469
0.0636734
0.215967
0.144351
0.133982
0.10602
0.0986985
0.15704
0.0640491
0.10165
0.194402
0.123317
0.102024
0.202094
0.142962
0.149236
0.0674368
0.146331
0.0906367
0.0958239
0.13842
0.143674
0.111796
0.1092
0.0826946
0.13168
0.0357872
0.0744802
0.0719801
0.14939
0.0451482
0.0741525
0.0875857
0.0855185
0.125006
0.103473
0.0914681
0.08621
0.0375994
0.078114
0.0377106
0.0850878
0.0631767
0.0989362
0.0724194
epoch# 37  loss per batch:
0.0907024
0.0797979
0.0683423
0.0860251
0.0889509
0.0966893
0.0710107
0.0771266
0.0556867
0.0555212
0.0806833
0.0796181
0.0489895
0.0596988
0.0716476
0.0482172
0.0485134
0.0665349
0.0861482
0.0629197
0.124092
0.0661181
0.10176
0.110419
0.0677082
0.069567
0.0748436
0.0609883
0.0795158
0.0864203
0.0505076
0.0375906
0.0846237
0.0430284
0.0632378
0.0806105
0.0621172
0.0890905
0.0662096
0.0592435
0.0714806
0.0398698
0.0597084
0.0795179
0.0564988
0.0434281
0.0851422
0.0519589
0.0504667
0.233751
0.0493456
0.0816652
0.0558947
0.0763195
0.0886604
0.0863086
0.0729527
0.0897635
0.0627837
0.0541694
0.0520338
0.0468573
0.0464795
0.0911155
0.0722736
0.0413444
0.0401682
0.0455473
0.0416585
0.0902936
0.0671977
0.0529452
0.0712616
epoch# 38  loss per batch:
0.0692785
0.0588692
0.0569433
0.0452096
0.0374358
0.0647416
0.0364973
0.0547972
0.0377166
0.0607823
0.0484369
0.0409949
0.0738209
0.0400909
0.0444362
0.0320753
0.0504758
0.0620549
0.0352078
0.0564179
0.0517702
0.0389431
0.0578443
0.0544654
0.0654359
0.0427487
0.046184
0.0513116
0.0441384
0.025799
0.034901
0.0274499
0.0576302
0.0648908
0.0745331
0.0717722
0.0472557
0.0522596
0.0487528
0.0490658
0.0426402
0.0374522
0.0678036
0.0347954
0.0587089
0.0598978
0.0345014
0.0527052
0.0514816
0.0447749
0.0402356
0.0616272
0.0739373
0.0321351
0.0538385
0.071386
0.0459403
0.0799413
0.0405959
0.0480478
0.033541
0.0613447
0.0346216
0.0313799
0.0507688
0.0769639
0.064226
0.0362005
0.0409485
0.0492192
0.0637908
0.0566348
0.0308527
epoch# 39  loss per batch:
0.0284018
0.0422234
0.0495759
0.0382623
0.0755217
0.0581432
0.0290445
0.0537192
0.0380086
0.0493824
0.0442261
0.0414211
0.0487482
0.040705
0.0618728
0.0398796
0.045503
0.0251003
0.0422473
0.0460674
0.0336064
0.0491551
0.0449132
0.0295578
0.0245073
0.0479086
0.0673942
0.0258215
0.0304695
0.0570915
0.0318002
0.0316683
0.0474555
0.0469046
0.0402513
0.0348491
0.0756502
0.0316109
0.025061
0.0542483
0.0376783
0.0616838
0.0378765
0.0377784
0.0336883
0.0678903
0.0473633
0.0406778
0.0474633
0.03723
0.0656136
0.0535893
0.0777691
0.0426242
0.0488444
0.0218906
0.0275557
0.0330662
0.0352135
0.0291016
0.0640222
0.0863788
0.0431152
0.0415244
0.0431601
0.053864
0.0313351
0.030062
0.0396809
0.0366684
0.0417067
0.031534
0.0339281
epoch# 40  loss per batch:
0.0430888
0.0536029
0.0278068
0.0347511
0.0363494
0.0475912
0.0559784
0.0512119
0.0531616
0.0461954
0.036297
0.0566005
0.0596563
0.0526506
0.0401277
0.0414425
0.0448399
0.0348183
0.0521362
0.0660304
0.0370426
0.0557108
0.0341954
0.0486537
0.0353607
0.0444922
0.0286964
0.0472169
0.0327259
0.040644
0.0332757
0.0397525
0.0433582
0.0519699
0.0485783
0.0452423
0.0367597
0.0386944
0.0477155
0.0286656
0.0367788
0.0338126
0.036155
0.0404529
0.0311544
0.029602
0.0250821
0.0414507
0.0502271
0.0402255
0.032073
0.0328577
0.0172131
0.0770051
0.0416365
0.0281471
0.0366441
0.0194521
0.0664474
0.0334834
0.0421213
0.0391326
0.0585456
0.0392828
0.0490093
0.0384644
0.0277267
0.0317661
0.0376865
0.0510854
0.03909
0.0427506
0.0314949
epoch# 41  loss per batch:
0.0319072
0.0440108
0.03121
0.0585572
0.0483379
0.0333776
0.0199981
0.0400278
0.0498441
0.0351249
0.0355045
0.0316901
0.0320713
0.0273348
0.0313944
0.0405882
0.0334008
0.0381721
0.0581569
0.043769
0.0355938
0.0486664
0.0434748
0.0579243
0.0281951
0.0245984
0.0304239
0.0434435
0.0353022
0.0423323
0.0296404
0.0307987
0.0738867
0.0496208
0.0426107
0.0221733
0.0251573
0.0254323
0.0487696
0.0457052
0.0310031
0.0294011
0.0228579
0.0311825
0.0451404
0.032184
0.0325986
0.0284965
0.0395269
0.0485332
0.0449252
0.0325454
0.05226
0.0338146
0.0349486
0.0294452
0.0263474
0.0364549
0.0396413
0.0329169
0.0278965
0.0381443
0.0317868
0.0444661
0.0388008
0.0264668
0.0333928
0.0528847
0.0389778
0.0204834
0.0339751
0.0364473
0.0349874
epoch# 42  loss per batch:
0.0302605
0.0263656
0.0363541
0.0151762
0.0291536
0.0296123
0.0317492
0.03283
0.0390526
0.0300455
0.0165934
0.0359043
0.0309884
0.0199837
0.0385317
0.0421198
0.0265501
0.0237615
0.0288842
0.0215414
0.099251
0.0360755
0.0233621
0.05084
0.049483
0.0360222
0.0553491
0.0303975
0.0454402
0.0486321
0.0278975
0.0358296
0.0357683
0.0281267
0.0289114
0.0476135
0.0413067
0.0467906
0.0366541
0.0279215
0.0451003
0.0254617
0.0409727
0.041134
0.0595391
0.0277396
0.0227939
0.0218278
0.0415781
0.0547986
0.0553739
0.0434832
0.034242
0.053245
0.0601318
0.0276969
0.0434304
0.0365125
0.032368
0.063987
0.0402357
0.0346403
0.0210065
0.0357342
0.0466516
0.0275458
0.0271583
0.0281345
0.0466944
0.0424698
0.0665465
0.051446
0.0327749
epoch# 43  loss per batch:
0.038837
0.0448062
0.026796
0.026225
0.0260466
0.0212434
0.0287194
0.0406984
0.0236968
0.0224621
0.0399799
0.0204841
0.0216935
0.0372227
0.0325657
0.0271107
0.0290705
0.0261222
0.0485443
0.0430339
0.0436893
0.0454173
0.019638
0.0595152
0.0443014
0.0270388
0.0390482
0.0378184
0.0464694
0.0311811
0.0237327
0.029034
0.0346863
0.0379614
0.025295
0.0258027
0.0265849
0.0329305
0.0300748
0.0315054
0.0258009
0.0356602
0.0235683
0.0314955
0.0208554
0.0284975
0.0344166
0.0362811
0.0356549
0.0333163
0.0213215
0.043269
0.027017
0.0374044
0.0279972
0.0232281
0.0336249
0.0423257
0.0278514
0.0234107
0.0301332
0.0351793
0.0559322
0.0203803
0.0224862
0.0284846
0.0320194
0.0419768
0.0321081
0.0237508
0.0376169
0.029351
0.0568964
epoch# 44  loss per batch:
0.0365181
0.0276908
0.0217733
0.043152
0.0255442
0.034531
0.0369765
0.0249507
0.0245065
0.0327016
0.0418729
0.0296031
0.0299364
0.028349
0.0312766
0.0244836
0.0289518
0.0253274
0.0262846
0.0235987
0.0286483
0.0306736
0.0251621
0.0479851
0.0296773
0.0329961
0.025314
0.0226595
0.0298943
0.026361
0.0294908
0.0311739
0.0252944
0.0240174
0.0397553
0.0307509
0.0214511
0.0283839
0.0350497
0.0372011
0.023559
0.0220592
0.0390965
0.0118235
0.031549
0.0317143
0.0347879
0.0331152
0.0212736
0.0337287
0.0316746
0.018208
0.0318067
0.0232843
0.0296166
0.0336702
0.0220572
0.0280813
0.0378055
0.03375
0.0163179
0.0390196
0.0296581
0.0383332
0.0307773
0.0245967
0.0360258
0.0268923
0.0269288
0.0200258
0.0508026
0.0272175
0.0379596
epoch# 45  loss per batch:
0.0321349
0.0341905
0.0244859
0.0281227
0.0284218
0.0307628
0.0219923
0.022505
0.020608
0.0291653
0.0266841
0.0234421
0.0228162
0.031371
0.0323305
0.0272493
0.0297815
0.0174821
0.0310107
0.03289
0.0416078
0.0216976
0.0395709
0.0209257
0.03737
0.0301275
0.0279446
0.0434506
0.0182237
0.0254637
0.026334
0.0248237
0.028752
0.031195
0.0522936
0.0312979
0.0256833
0.019583
0.0249655
0.0181039
0.0434302
0.0281628
0.0237746
0.0299972
0.0282066
0.0251426
0.0245898
0.0192682
0.025119
0.0244957
0.0290204
0.0309299
0.0328595
0.0311971
0.0166219
0.0182351
0.0326771
0.031098
0.0295896
0.0286937
0.0265434
0.0204149
0.0293313
0.0232374
0.0191264
0.0192096
0.0312327
0.0419514
0.0268879
0.0195197
0.0183042
0.0265999
0.0274963
epoch# 46  loss per batch:
0.0181571
0.0248403
0.0139671
0.0226281
0.0271281
0.0242121
0.0200041
0.0155841
0.0368377
0.0248925
0.0347059
0.0217091
0.0277695
0.0140801
0.0281559
0.0357124
0.0214649
0.0193703
0.0291275
0.0296379
0.0175496
0.0220343
0.0139709
0.0339334
0.0269219
0.0193699
0.0300903
0.0223341
0.0181506
0.0274704
0.0170886
0.026103
0.0239526
0.022762
0.0356718
0.0212283
0.0271684
0.0243317
0.0349622
0.0225236
0.0329642
0.0271143
0.0315912
0.0276617
0.0356929
0.0162133
0.0270338
0.0307578
0.0215268
0.0295802
0.022689
0.0400531
0.0330639
0.034119
0.0189564
0.0247149
0.0185897
0.0276669
0.0316707
0.0207188
0.0249905
0.0207916
0.0362625
0.0175516
0.0318941
0.0313777
0.0260527
0.0310031
0.028232
0.0342862
0.0306222
0.0258018
0.013146
epoch# 47  loss per batch:
0.025999
0.0228874
0.0271369
0.0182695
0.0248348
0.0293842
0.0259295
0.022297
0.0261997
0.0211947
0.0227214
0.0250391
0.0211111
0.0264209
0.0277731
0.0250241
0.0248842
0.026563
0.0214198
0.0150765
0.0216023
0.0258672
0.0152511
0.0409867
0.0340253
0.0186193
0.0210518
0.0204773
0.0326041
0.0213154
0.0298655
0.0258655
0.0186114
0.0280063
0.0241197
0.0310063
0.0302055
0.0209326
0.0174769
0.0276782
0.0531806
0.0386349
0.0335606
0.0231578
0.0228106
0.0222657
0.0292189
0.0278559
0.0294036
0.0267403
0.0270112
0.0192534
0.0133461
0.0256026
0.0339934
0.0246379
0.0173371
0.024768
0.0389064
0.0332519
0.0297042
0.0193828
0.0356579
0.0138631
0.0254228
0.0215638
0.0180211
0.0395468
0.0164872
0.0200673
0.0239022
0.0171195
0.025102
epoch# 48  loss per batch:
0.029452
0.0213264
0.012898
0.0302942
0.0272989
0.021365
0.0323612
0.0185456
0.0278961
0.029166
0.0322804
0.0304501
0.0175101
0.0208803
0.0237545
0.0188892
0.0353752
0.0280196
0.0282146
0.0219293
0.0152627
0.0208762
0.0360325
0.0345505
0.0222053
0.0214423
0.0285578
0.0264229
0.0265832
0.0380008
0.0256317
0.0222478
0.0365617
0.0216709
0.0154683
0.0233604
0.0152503
0.0249465
0.0290871
0.0258527
0.0168216
0.0267803
0.0266373
0.0232654
0.0181671
0.0276486
0.0313569
0.0204188
0.0172973
0.0227814
0.0176371
0.0179563
0.024412
0.0182392
0.0208213
0.0291892
0.0269333
0.0160087
0.0184312
0.0280971
0.0296869
0.0188429
0.024261
0.0274588
0.0200476
0.0239699
0.0291598
0.0231227
0.0192451
0.0267451
0.0406785
0.0201603
0.0202581
epoch# 49  loss per batch:
0.0451626
0.0335493
0.0359128
0.0329082
0.029573
0.018924
0.0343599
0.0479963
0.0216386
0.0322245
0.0181072
0.0472641
0.0578272
0.0181016
0.030901
0.0253975
0.0463996
0.0345666
0.0224209
0.0252722
0.0760831
0.0360541
0.0347633
0.041554
0.0306465
0.0461547
0.0419771
0.0353599
0.0636348
0.0573516
0.0436468
0.0493232
0.0407433
0.0406926
0.0343182
0.0582631
0.0500779
0.0406604
0.0400472
0.0356168
0.0636172
0.0404091
0.0337802
0.0371276
0.0506478
0.0416317
0.0779403
0.0310695
0.0735409
0.0285925
0.037017
0.0414609
0.0743836
0.0633989
0.0577123
0.0411112
0.049502
0.113078
0.0338498
0.0437569
0.151839
0.056071
0.0921473
0.033904
0.0576502
0.084898
0.0593895
0.111034
0.0568495
0.0840417
0.0564398
0.0727497
0.0906274
epoch# 50  loss per batch:
0.109751
0.0559533
0.0416464
0.0635888
0.0718358
0.0665391
0.0732523
0.0571008
0.0656261
0.0540638
0.0397426
0.0526911
0.0879899
0.0527671
0.0458308
0.0525963
0.0769312
0.0278767
0.0632748
0.0373375
0.0574789
0.0504959
0.0368902
0.0729019
0.0421692
0.035413
0.124605
0.0559617
0.109292
0.049347
0.0601502
0.0936753
0.0444241
0.0685771
0.0520801
0.108863
0.060974
0.0350304
0.0837315
0.0558287
0.0587659
0.0881773
0.0495797
0.0932333
0.0367689
0.148929
0.0476854
0.0919389
0.0691813
0.0635835
0.0613023
0.0721637
0.107047
0.0496197
0.059698
0.0900456
0.103754
0.0934354
0.0584029
0.0657855
0.0502718
0.0580564
0.0592296
0.104129
0.0614304
0.0847541
0.0564643
0.058971
0.0812563
0.0625
0.0568497
0.0747236
0.0549317
